1101111111100101011002001001100101001110110010011001010011010101111101221111111010100001000100111111111121101100000001220121112010111011010100120100100101111110111111010222012011011111111100000000000110010001012011
0001101111000110101111001001000101001100110010010001010011010100000000220000000101000001000110100001011120101100000010221021012101001011101110101110011011000000000000111200001222200000000000000000000111000001011001
2011110110010111110120001001010101001101110010010101010011101010100001221110111001010011111011101011011121010111111110002220002202110110211111002120001020111001011102220100110212222022201211111111100011000210112201
2010011011101001222222001010001101001110000010110011010011010101001001210010110021001011111111010011110121101010000201222221002222011110222111022120011222210111001021201222110200222222221022222211200110000211112121
2011111101101001222222100011001000110101111101001100101001010111100002220010110111000111111111100100010221110010100102222110110222111112101020122022022021102202012222211222222222211111111100000000000011010220112220
0011101111101011222222010011001010110110111000111101110101110101001002201101111011011110111111110111000221110010100121222010010202201102210101012120211021222222222222202222212202200000000022222222200011021220212120
2010010012101001222222001111001100110110110000111100110010100110110010120011011011011011111121222222020220000101011120002121202212201121222111002120111222110021222000211210222121000000000011111111110101110001002121
0101110012110011222222001011110101111001111100011101100011010111001011101101111011010111111121210012221121001100010111212220102222211101222111022121211222121122222202210111012100022222222222222222200001100001012121
0011110112001111121121000011001101000100110010111100100001111000111101210010101111011111100121222222021021111111100110222222222222101111222111022120210222222200000222202222222222222222222222222222201010100001000021
2011110112011112121120110012101101001201110010121011010012101010100001221000100122011111110221210012121101011110110120222222222222211100222111022120211222222200011222211222200202222222222222222222200011112001012221
2011110011101112222022101012001110110210010010121101000012011100111112101010100122011111101201122221110221011100110101222222222222101120111111022022211021220022222101202210200211122212222222222222200101022001002120
2010111101101102222222001012001101100210100010121100100112101100111111120010111122011111010210122221011121000101110101212212220222121120022011022122211222222222222222202202222220222212222222222222200111012101222120
2010101001101102222222001112001101101210111010121100101102111100110111020100100122011100111212122221011120000101010221222222222222111220122020122120222222222222222222201102222220222222222222222222200111022011212220
2011000102101012222022001012001001110210100011121111010012111100111001220010101022011111001222222222221121011100100222222222222222201211222122022120222222221201010222222222200222200010000022222222200101022211200021
2001110012111012222222001012111101001210110100121100010012111100111110020110100122001111111220210012222221110111100220222222222222121102222122022120222222121022222102222222212202222222222122222222200010102211012121
2011110011011102122121111012001111110210111110121100101112110100111111120010100022011111011210110011010221110111101210222222222222001121120122022022222222221020210000222001222120200002222100010000000010122210111020
2011110002101012022221001112001101010210000011120000000012001110100101221100111022011101000221222222121121100011012122222222222222221122222122022120222222112222122212222222222222222222222122222222200100112211202221
2001110102010002022222011002101011100211110010120111010012011011010002220011100122000011000221222222020221110001101102222000002222210112222111022121211222222222222222211222222222222222222222222222211111002210212221
0110011112101112222022001012011101001210110110121100101012010100010002222212222222000001111220222222020221110010001002222122222222100011222120022120222222022222222222222222222222222222222222222222211011002222222021
2100000112101102221120001102001101011210010011121101011102111101111101222222222222100011000220222222220221110010001212222022222222201111222122022122222222222222222222222222222222200002222000000000010011112221111021
2010101112010002222222110102001010001211110010020011011102212101011002202222222222222222222222222222220221110011001221222222222222221201222122022120222222202222222222222222212212200002222000000000001011122222112121
2101001112010012222222001112110101110201010010020010101102212101101002202222222222222222222222222222220221110000101222222222222222221222222222022222222222222222222120222222222222202222222022222222200111122211222222
2010001112222022222222110102110010001210011100120010100012212100001002201101111012100011000222210012220221110010101222222222222222221222222222022222222222222222222222222222222222222212222022222222200001022211112222
2100101112222222222222110012110010110222222222222222222222212100001102212222222222222222222222222222220221110001001222222222222222221222222222022222222222222222222222222222222222200002222000000000000011122221102222
2111101112222222222222001002222222222222222222222222222222212101101102212222222222222222222222222222222220000110100222222101001222222222222122022120222222222222222222222222222222222222222022222222201111002221222221
2222211102221222222222222222220222222222222222222220222202110112222201222222222222200011000220222222221120000110100022222100011222220111222222022222222222222222222222222222200222222222222222222222200111022211222222
2222211102222222222222222222222222222222222222222222222222111100011102222222222222211011000220222222222220000110100222222100101222221111222222022222222222222222222222222202121222222222222222222222210111022211222222
2110011102222222222222222222222222222222222222222222222222111100101102212222222222210200222220222222220221110010101222222222222222222112222222022222222222222222222222222222222222222212222222222222221101022212222222
2110011102222222222222222222222222222222222222222222222222001002222202222222222222222220222221222222220221110011001222222222222222222112222222022222222222222222222222222222222222222222221222222222221110122212222222
2100010012222222222222222222222222022222222222222222222222010000111102222222222222222222222220222222020221110000011122222222222222222112222122022120222222211222222202222222222222222222222122222222221101122212222221
2020010012222222222222222222222222222201110001022202222222100000111101222222022222222222222220222222021120110011112122222222222222221101222222022222222222220122222102222222202212222222222022222222200101122001202122
2222201112222222222222222222222222222222222222222222222202000101000001202222222222222222222221222222221121010000110122222222222222222101222222022222222222222222222222222222202212222222222022222222221100122212222122
2111101112222222222222022222222222222222221022220220222222100112222201222222222222222222222221222222221120110111101102222222222222121101222222022222222222222222222212222222202212222222222122222222200000122211112122
2222201112222222222222222222222222222222222222222222222222101101001102200010001122222222222222222222222221100100010222222222222222121201222222022222222222222222222222222222202212200000001022222222200110122211202122
2022211102222222222222222222222222222222222222222222222222111110111112122222222022202222222221222222222221100000110020222222222222222111222222022222222222222222222222222210222222222222222222222222200010122221202222
0222211102110002222222222222222222222222222222222222222222011102222222221101111012202202221221210012222221101100110222222222222222221111222222022222222222222222222222222222222222222222222222222222200001022220112222
2222211102222222222222222222222222222222222222222222202222111002222221222222222222202122002221222222221121110100110122222222222222221111222222022222222222222222222222222222222222222222221222222222200110122001222222
2222211102222222222222222222222222222222002222222222222222000102222212122222222222200000000221222222222220000010000222222222222222221111222122022120222222222222222222222222222222222222222222222222200100122001212221
2010011102222202222222110112222222222222222222222222222022001002222201222222222222222201002221222222221120100100110122222222222222221112222222022222222222222222222222222222222222222222222222222222200010122001012222
2222211102222222222222222222222222222222222222222222222222101102222212121101111012221200222221210012222220010101000222222222222222221111222122022120222222222222222212222222222222222222222122222222200010022220112221
2222211102222222222222222222222222222222222222222222222222011002222202222222222222222022212220222222222220111111000222222222222222221112222122022120222222222222222212222222222222222222222122222222200011122222112221
2010011102101002222222110112101010000222222222220011011102101002222212122222222222220022122220222222220220011111100202222222222222221111222122022120222222222222222222222222222222222222222222222222200001122222112221
2111001002222222222222012222222222222222222022222222222222010112222202222222222222222222222221222222220221110011101122222222222222221112222222022222222222222222222222222222222222222222222222222222200010022222112222
1110111102222222222222221222222222222222222202222222222222100012222202221101111012222222022220210012220221110011101122222222222222222112222222022222222222222222222222222222222222222222222222222222200001022220212222
2101111102222222222222222212222222222222222222020022222202010012222202222222222222222222202220222222220221110011101122222222222222221112222222022222222222222222202222222222222222211101011122222222200101022211202222
2022211102222222222222122222022222222222220222222222222222100112222202222222222222220222222221222222220221110011101122222222222222222112222222022222222222222222222222222222222222222222222222222222200001102222212222
2111011012222222222222220222222222222222222212222222222222100012222211222222222222222222222220222222221121110110101100222222222222221120222222122222222222222222222222222222222220222222220222222222200011022222112122
2101110012222222222222222202222222222222222222122222222222010012222221222222222222222222222220222222221121110101101102222222222222221122222222122222222222222222222222222222222222222222221222222222200011022222012222
2110111102222222222222222222212222222222222222222022222222011112222212122222222222222222220220222222220221110111001102222222222222221111222122022120222222222222222222222222222222222222222222222222200010022222012221
2222210112222222222222222222202222222222222222222122222222011112222211222222222222222222222220222222221121000011010122222222222222221122222122122120222222122222222212222222222222211112222122222222200101122211222221
2110111002222222222222222222122222222222222222220222222222101112222202222222222222222222222220222222220221110010001122222222222222221111222222122222222222222222222202222222222222222222222011101111100010122222112222
2222211002222222222222222222022222222222222222221222222222101112222201222222222222222222222220222222221120000100010122222022222222221122222122022120222222222222222222222222200222222222122222222222200101022211222221
2222210002222222222222222222222222022222222222222222221222011012222221222222222222222222222221222222221120000111010122222222222222222122222222122222222222222222222222222222222222222222222222222222222222222222222222
2110110102222222222222222222221222222222222222222202222222101012222202222222222222222222222221222222220221110001001122222222222222222111222222122222222222222222222222222222222222222222222222222222222222222222222222
2110110012222222222222222222222221222222222222222222202222110010111102222222222222222222222221222222220221110011000122222222222222222111222222022222222222220022222110222222222222222222222222222222222222222002022222
2101011102222222222222222222222220222222222222222222212222110012222201222222222222222022222221222222221121111000101102222222222222221122222222022222222222222222222222222222222222222222222222222222200001022222212222
2111010112222222222222222222222122222222222222222220222222110112222202222222222222222222222220222222220221110010001122222222222222222111222222022222222222222211022222222222222222222222222222222222222222222002022222
2222210112222222222222222222222022222222222222222221222222110112222211222222222222222222222220222222221121000100110120012022222222221122222122022120222222222210012222222001222120222222222222222222200001022002012121
2101111102222222222222222222222222212222222222222222222022001012222202222222222222222220222220222222220221110001100122222222222222222111222222022222222222222222222222222222222222222222222222222222222222222222222222
2222210102222222122221222222222222202222222222222222222122001012222211222222222222222222222220222222221120001110100122222222222222222122222122022120222222222222222222222222222222222222222222222222222222222222222221
2222210002222222122221222222222222221222222222222222222202001112222202222222222222222222222221222222220221110011100122222222222222222111222222022222222222222222222222222222222222222222222222222222222222222222222221
2222211102222222222222222222222222222222222222222222222222111102222202222222222222202222222220222222222220010101010222222222222222222111222222022222222222222222222222222222222222222222222222222222222222222222222222
2222211102222222222222222222222222222222222222222222222222011002222212122222222222222222202220222222222221011011000222222200002222221111222122022120222222222222222222222222222222222222222222222222200010122221222221
2110011102222222222222222222222222222222222222222222222222001102222202222222222222222202222220222222220221110000001222222222222222222111222222022222222222222222222222222222222222222222222222222222222222222222222222
2101011102222222222222222222222222222222222222222222222222111002222202222222222222222022222221222222220221110000001222222222222222222111222222022222222222222222222222222222222222222222222222222222222222222222222222
2100101112222222222222222222222222222222222222222222222222212100100102212222222222222222222222222222220221110000001222222222222222222222222222022222222222222222222222222222222222222222222022222222222222222222222222
2101101112222222222222222222222222222222222222222222222222212100101002212222222222222222222222222222220221110000101222222222222222222222222222022222222222222222222222222222222222222222222022222222222222222222222222
2111010012222222222222222222222222222222222222222222222222110000111102222222222222222222222222222222220221110000101222222222222222222222222222022222222222220022222021222222222222222222222222222222222222222002022222
2100001112222222222222222222222222222222222222222222222222100101001002202222222222222222222222222222220221110000101222222222222222222201222222022222222222222222222222222222202212222222222022222222222222222222222122
2101010112222222222222220222222222222222222222222222222222100012222202222222222222222222222220222222220221110001101122222222222222222112222222022222222222222200110222222222222222222222222222222222222222222002022222
2100110112222222222222222202222222222222222222222222222222010012222202222222222222222222222220222222220221110001101122222222222222222112222222022222222222222200201222222222222222222222222222222222222222222002022222
2101122222222222222222222222202222222222222222222222222222011112222202222222222222222222222220222222220221110001001122222222222222222112222222222222222222222222222222222222222222222222222222222222222222222222222222
2100022222222222222222222222022222222222222222222222222222101112222202222222222222222222222220222222220221110001001122222222222222222112222222222222222222222222222222222222222222222222222222222222222222222222222222
2101022222222222222222222222222222022222222222222222222222011012222202222222222222222222222221222222220221110010101122222222222222222112222222222222222222222222222222222222222222222222222222222222222222222222222222
2100122222222222222222222222220222222222222222222222222222101012222202222222222222222222222221222222220221110011001122222222222222222112222222222222222222222222222222222222222222222222222222222222222222222222222222
2222201112222222222222222222220222222222222222222212222222101012222211222222222222222222222221222222221121011100111120222222222222222122222222022222222222222222222222222101222020222222222222222222222222222222222122
2222211102222222222222222222222222222222222022222222222222010112222211222222222222222222222221222222221121110111111122222222222222222120222222022222222222222222222222222222222221122222222222222222222222222222222122
2222222222222222222222222222222222222222222202222222222222100012222221222222222222222222222220222222221120000101000122222222222222222122222222222222222222222222222222222222222222222222222222222222222222222222222222
2222222222222222222222222222222222222222222222022222222222010012222211222222222222222222222220222222221121000111000122102212220222222122222222222222222222222222222222222222222222222222222222222222222222222222222222
2222222222222222222222222222222222222222220222222222222222100112222211222222222222222222222221222222221121000111000122002212220222222122222222222222222222222222222222222222222222222222222222222222222222222222222222
2222222222222222222222222222222222222222222222222022222222011112222211222222222222222222222220222222221121110000110122222222222222222122222222222222222222222222222222222222222222222222222222222222222222222222222222
2222222222222222222222222222222222222222222222220222222222101112222201222222222222222222222220222222221121000100110122222122222222222122222122222120222222222222222222222222222222222222222222222222222222222222222221
2222222222222222222222222222222222222222222222222222220222011012222201222222222222222222222221222222221121000110100122222012220222222122222222222222222222222222222222222222222222222222222222222222222222222222222222
2101122222222222222222222222222222222222222222222222202222110012222201222222222222222222222221222222221121110001101122222222222222222122222222222222222222222222222222222222222222222222222222222222222222222222222222
2110122222222222222222222222222220222222222222222222222222110012222202222222222222222222222221222222220221110011011122222222222222222111222222222222222222222222222222222222222222222222222222222222222222222222222222
2111022222222222222222222222222022222222222222222222222222110112222202222222222222222222222220222222220221110010111122222222222222222111222222222222222222222222222222222222222222222222222222222222222222222222222222
2101122222222222222222222222222222222222222222222220222222110112222211222222222222222222222220222222221121000101101122222222222222222122222222222222222222222222222222222222222222222222222222222222222222222222222222
2111122222222222222222222222222222202222222222222222222222001012222202222222222222222222222220222222220221110012001122222222222222222111222222222222222222222222222222222222222222222222222222222222222222222222222222
2110022222222222222222222222222222222222222222222222222022001012222211222222222222222222222220222222221120110110001102222222222222222122222222222222222222222222222222222222222222222222222222222222222222222222222222
2111122222222222222222222222222222220222222222222222222222001112222202222222222222222222222221222222220221110001100122222222222222222111222222222222222222222222222222222222222222222222222222222222222222222222222222
2222222222222222222222222222222222222222222222222222222202001112222221222222222222222222222221222222221121100100110122222222222222222122222222222222222222222222222222222222222222222222222222222222222222222222222222
2111101112222222222222222222222222222222222222222222222222212100101102202222222222222222222222222222220221110011111222222222222222222222222222022222222222222222222222222222222222222222222022222222222222222222222222
2110001112222222222222222222222222222222222222222222222222212100101102212222222222222222222222222222220221110010011222222222222222222222222222022222222222222222222222222222222222222222222022222222222222222222222222
2100111102222222222222222222222222222222222222222222222222001102222202222222222222222212222220222222220221110001011222222222222222222112222222022222222222222222222222222222222222222222222222222222222222222222222222
2101101112222222222222222222222222222222222222222222222222111112222202222222222222222222222221222222220211110001111122222222222222222112222222022222222222222222222222222222222222222222222222222222222222222222222222
2222220222222222222222222222222222222222222222222222222222111112222202222222222222222222222221222222220201110011110122222222222222222112222222222222222222222222222222222222222222222222222222222222222222222222222222
2101001112222222222222222222222222222222222222222222222222110001001002202222222222222222222222222222220221110000111222222222222222222222222222022222222222222222222222222222222222222222222022222222222222222222222222
2101111102222222222222222222222222222222222222222222222222011102222212122222222222222222220221222222220221110001101202222222222222222121222222022222222222222222222222222222222222222222222222222222222222222222222222
2101111102222222222222222222222222222222222222222222222222101002222202222222222222222222022220222222220221000101101222222222222222222112222222022222222222222222222222222222222222222222222222222222222222222222222222
2222211102222222222222222222222222222222222222222222222222101102222222222222222222220222222221222222222221000101010222222222222222222111222222022222222222222222222222222222222222222222222222222222222222222222222222
2101120222222222222222222222222222222222222222222222222222111112222212122222222222222222222221222222220211000101101122222222222222222121222222222222222222222222222222222222222222222222222222222222222222222222222222
2222222222222222222222222222222222222222222222222222222222110000111102222222222222222222222222222222222221110000110222222222222222222222222222122222222222222222222222222222222222222222222222222222222222222222222222
2222210012222222222222222222222222222222222222222222222222110002222012122222222222222222222220222222220221010111000220002212220222222120222222022222222222222222222222222222222222222222222222222222222222222222222222
2100111102222222222222222222222222222222222222222222222222111012222222222222222222222222222220222222222222122101001102222222222222222111222222022222222222222222222222222222222222222222222222222222222222222222222222
2100001112222222222222222222222222222222222222222222222222111012222222222222222222222222222220222222222222122100001102222222222222222111222222022222222222222222222222222222222222222222222222222222222222222222222222
2110122222222222222222222222222222222222222222222222222222111012222202222222222222222222222220222222220221110011001122222222222222222111222222122222222222222222222222222222222222222222222222222222222222222222222222
2111011002222222222222222222222222222222222222222222222222110102222202222222222222200011000221222222220221110010101222222222222222222112222222022222222222222222222222222222222222222222222222222222222222222222222222
2111111102222222222222222222222222222222222222222222222222110102222202222222222222200001000221222222220221110011101222222222222222222112222222022222222222222222222222222222222222222222222222222222222222222222222222
2100011102222222222222222222222222222222222222222222222222110102222202222222222222200011000221222222220221110000001222222222222222222112222222022222222222222222222222222222222222222222222222222222222222222222222222
2222211002222222222222222222222222222222222222222222222222110102222202222222222222200001000221222222222220000110100222222110001222222112222222022222222222222222222222222222222222222222222222222222222222222222222222
2222222222222222222222222222222222222222222222222222222222222222222202222222222222222222222222222222222220000110100222222100001222222222222222222222222222222222222222222222222222222222222222222222222222222222222222